78	784.45	1145	114	10.06	779.45	789.51	778.98	790.64	11.66
79	774.52	1376	138	9.80	769.65	779.45	769.11	780.65	11.54
80	764.84	1601	160	9.56	760.09	769.65	759.48	770.89	11.41
81	755.40	1819	182	9.33	750.76	760.09	750.10	761.38	11.28
82	746.19	2030	203	9.10	741.66	750.76	740.95	752.10	11.16
83	737.19	2236	224	8.88	732.78	741.66	732.01	743.04	11.03
84	728.42	2435	244	8.67	724.11	732.78	723.29	734.20	10.91
85	719.85	2629	263	8.47	715.64	724.11	714.78	725.57	10.79
86	711.48	2818	282	8.27	707.37	715.64	706.46	717.13	10.67
87	703.30	3002	300	8.08	699.28	707.37	698.34	708.89	10.56
88	695.31	3181	318	7.90	691.38	699.28	690.40	700.84	10.45
89	687.50	3355	336	7.72	683.66	691.38	682.63	692.97	10.34
90	679.86	3525	353	7.55	676.10	683.66	675.04	685.27	10.23
91	672.39	3691	369	7.39	668.71	676.10	667.62	677.74	10.12
92	665.08	3852	385	7.23	661.48	668.71	660.36	670.38	10.02
93	657.93	4010	401	7.07	654.41	661.48	653.26	663.18	9.92
94	650.93	4164	416	6.92	647.48	654.41	646.31	656.12	9.82
95	644.08	4314	431	6.78	640.70	647.48	639.50	649.22	9.71
96	637.37	4460	446	6.64	634.06	640.70	632.84	642.46	9.62
97	630.80	4604	460	6.50	627.56	634.06	626.31	635.83	9.52
98	624.36	4743	474	6.37	621.19	627.56	619.92	629.35	9.43
99	618.05	4880	488	6.24	614.95	621.19	613.65	622.99	9.34
100	611.87	5014	501	6.12	608.83	614.95	607.52	616.76	9.25
101	605.81	5144	514	6.00	602.83	608.83	601.50	610.66	9.16
102	599.87	5272	527	5.88	596.95	602.83	595.60	604.67	9.07
103	594.05	5397	540	5.77	591.18	596.95	589.82	598.80	8.99
104	588.34	5519	552	5.66	585.52	591.18	584.14	593.05	8.90
105	582.74	5639	564	5.55	579.97	585.52	578.58	587.40	8.82
106	577.24	5756	576	5.45	574.53	579.97	573.12	581.86	8.74
107	571.84	5870	587	5.34	569.18	574.53	567.76	576.42	8.66
108	566.55	5983	598	5.25	563.94	569.18	562.50	571.08	8.58
109	561.35	6093	609	5.15	558.79	563.94	557.34	565.85	8.51
110	556.25	6200	620	5.06	553.73	558.79	552.27	560.71	8.43
111	551.24	6306	631	4.97	548.76	553.73	547.30	555.65	8.36
112	546.31	6409	641	4.88	543.89	548.76	542.41	550.69	8.29
113	541.48	6510	651	4.79	539.09	543.89	537.61	545.82	8.22
114	536.73	6609	661	4.71	534.39	539.09	532.89	541.03	8.15
115	532.06	6707	671	4.63	529.76	534.39	528.25	536.33	8.08
116	527.48	6802	680	4.55	525.21	529.76	523.70	531.71	8.01
117	522.97	6896	690	4.47	520.74	525.21	519.22	527.16	7.94
117	522.97	1122	112	4.47	520.74	525.21	519.13	527.03	7.89
118	518.54	1324	132	4.39	516.35	520.74	514.72	522.57	7.84
119	514.18	1521	152	4.32	512.03	516.35	510.39	518.18	7.79
120	509.89	1714	171	4.25	507.78	512.03	506.13	513.87	7.74
121	505.68	1902	190	4.18	503.60	507.78	501.94	509.63	7.69
122	501.53	2086	209	4.11	499.49	503.60	497.82	505.45	7.64
123	497.46	2266	227	4.04	495.44	499.49	493.76	501.35	7.58
124	493.44	2442	244	3.98	491.46	495.44	489.78	497.31	7.53
125	489.50	2614	261	3.92	487.55	491.46	485.85	493.33	7.48
126	485.61	2783	278	3.85	483.69	487.55	481.99	489.42	7.43
127	481.79	2948	295	3.79	479.90	483.69	478.19	485.57	7.38
128	478.02	3110	311	3.73	476.16	479.90	474.45	481.78	7.33
129	474.32	3269	327	3.68	472.49	476.16	470.77	478.05	7.28
130	470.67	3424	342	3.62	468.87	472.49	467.15	474.38	7.23
131	467.08	3577	358	3.57	465.30	468.87	463.57	470.76	7.18
132	463.54	3726	373	3.51	461.79	465.30	460.06	467.19	7.13
133	460.05	3873	387	3.46	458.33	461.79	456.60	463.68	7.08
134	456.62	4017	402	3.41	454.92	458.33	453.19	460.22	7.04
135	453.24	4158	416	3.36	451.57	454.92	449.83	456.82	6.99
136	449.91	4297	430	3.31	448.26	451.57	446.52	453.46	6.94
137	446.62	4433	443	3.26	445.00	448.26	443.26	450.15	6.90
138	443.39	4567	457	3.21	441.78	445.00	440.04	446.89	6.85
139	440.20	4698	470	3.17	438.62	441.78	436.87	443.68	6.81
140	437.05	4827	483	3.12	435.50	438.62	433.75	440.51	6.76
141	433.95	4954	495	3.08	432.42	435.50	430.67	437.39	6.72
142	430.90	5079	508	3.03	429.38	432.42	427.64	434.31	6.67
143	427.88	5201	520	2.99	426.39	429.38	424.64	431.27	6.63
144	424.91	5321	532	2.95	423.44	426.39	421.69	428.28	6.59
145	421.98	5440	544	2.91	420.53	423.44	418.78	425.33	6.55
146	419.09	5556	556	2.87	417.66	420.53	415.91	422.42	6.50
147	416.24	5671	567	2.83	414.83	417.66	413.08	419.54	6.46
148	413.43	5783	578	2.79	412.03	414.83	410.29	416.71	6.42
149	410.65	5894	589	2.76	409.28	412.03	407.53	413.91	6.38
150	407.91	6003	600	2.72	406.56	409.28	404.82	411.15	6.34
151	405.21	6110	611	2.68	403.88	406.56	402.13	408.43	6.30
152	402.55	6216	622	2.65	401.23	403.88	399.48	405.75	6.26
153	399.92	6320	632	2.61	398.61	401.23	396.87	403.10	6.22
154	397.32	6422	642	2.58	396.03	398.61	394.30	400.48	6.18
155	394.76	6522	652	2.55	393.49	396.03	391.75	397.90	6.15
156	392.23	6621	662	2.51	390.97	393.49	389.24	395.35	6.11
157	389.73	6719	672	2.48	388.49	390.97	386.76	392.83	6.07
158	387.26	6815	681	2.45	386.04	388.49	384.31	390.34	6.03
159	384.83	6910	691	2.42	383.62	386.04	381.89	387.89	6.00
160	382.42	7003	700	2.39	381.23	383.62	379.50	385.47	5.96
161	380.04	7094	709	2.36	378.87	381.23	377.15	383.07	5.93
