col1 col2 col3 col4 col5
OII_832 83.27572 0.0444 213500000.0 15.9994
OIII_832 83.2927 0.107 342900000.0 15.9994
OII_833 83.33294 0.0886 851000000.0 15.9994
OII_834 83.44655 0.132 842960000.0 15.9994
FeIII_859 85.9723 0.115 849100000.0 55.847
CII_903 90.36234 0.168 686200000.0 12.011
CII_904 90.39616 0.336 2743000000.0 12.011
Ly_lim 91.18 0.0 0.0 0.0
PIII_913 91.39683 0.203 4790000000.0 30.9736
Ly_15 91.53289 0.0003858 1024000.0 1.0079
NII_915 91.56131 0.159 1270000000.0 14.0067
Ly_14 91.58238 0.0004689 1243000.0 1.0079
Ly_13 91.64291 0.0005777 1529000.0 1.0079
D_12 91.6931 0.00072 1913000.0 2.0079
PIII_917 91.71178 0.404 4780000000.0 30.9736
Ly_12 91.71805 0.0007231 1911000.0 1.0079
D_11 91.78796 0.00092 2434000.0 2.0079
Ly_11 91.81293 0.0009219 2432000.0 1.0079
D_10 91.91013 0.0012 3162000.0 2.0079
Ly_10 91.93513 0.001201 3160000.0 1.0079
D_9 92.07125 0.0016 4214000.0 2.0079
Ly_9 92.0963 0.001606 4210000.0 1.0079
D_8 92.28992 0.00222 5789000.0 2.0079
Ly_8 92.31503 0.002217 5785000.0 1.0079
D_7 92.59737 0.00318 8261000.0 2.0079
Ly_7 92.62256 0.003185 8255000.0 1.0079
D_6 93.0495 0.00482 12370000.0 2.0079
Ly_6 93.07482 0.00481 12360000.0 1.0079
SVI_933 93.3378 0.437 1670000000.0 32.066
OI_936 93.66295 0.00365 0.0 15.9994
D_e 93.75483 0.0078 24500000.0 2.0079
Ly_e 93.78034 0.0078 24500000.0 1.0079
SVI_944 94.4523 0.215 1610000000.0 32.066
CI_945 94.5191 0.152 379000000.0 12.011
OI_948 94.86855 0.00631 0.0 15.9994
D_d 94.94846 0.01394 42030000.0 2.0079
Ly_d 94.9743 0.0139 42040000.0 1.0079
PII_961 96.10412 0.349 5090000000.0 30.9736
PII_963 96.38005 1.46 4140000000.0 30.9736
NI_963 96.39903 0.0124 85500000.0 14.0067
NI_964 96.46256 0.0079 83100000.0 14.0067
NI_965 96.50413 0.00386 81600000.0 14.0067
OI_971 97.17382 0.0116 58500000.0 15.9994
D_g 97.22722 0.02899 81270000.0 2.0079
Ly_g 97.25367 0.02901 81260000.0 1.0079
OI_976 97.64481 0.0033 38600000.0 15.9994
CIII_977 97.70201 0.757 1760000000.0 12.011
OIb_988 98.86549 0.0083 56600000.0 15.9994
OIa_988 98.87734 0.0465 226000000.0 15.9994
NIII_989 98.9799 0.123 500000000.0 14.0067
SIII_1012 101.2495 0.0438 281000000.0 32.066
D_b 102.54432 0.0791 189700000.0 2.0079
Ly_b 102.57222 0.0791 189700000.0 1.0079
OI_1025 102.57616 0.0163 102000000.0 15.9994
MgII_1025 102.59681 0.000743 2350000.0 24.305
MgII_1026 102.61134 0.000392 2480000.0 24.305
OVI_1031 103.19261 0.1325 414900000.0 15.9994
CII_1036 103.63367 0.118 2200000000.0 12.011
OVI_1037 103.76167 0.0658 407600000.0 15.9994
OI_1039 103.92304 0.00907 187000000.0 15.9994
ArI_1048 104.82199 0.263 31800000.0 39.948
SIV_1062 106.2664 0.0494 169000000.0 32.066
ArI_1066 106.66598 0.0675 132000000.0 39.948
FeII_1081 108.18748 0.0126 59800000.0 55.847
NII_1083 108.39937 0.111 374000000.0 14.0067
FeII_1096 109.68769 0.0327 226000000.0 55.847
PV_1117 111.79774 0.472 1260000000.0 30.9736
FeII_1122 112.19748 0.029 192000000.0 55.847
FeIII_1122 112.2524 0.0544 370000000.0 55.847
PV_1128 112.80078 0.233 1220000000.0 30.9736
FeII_1133 113.36654 0.00472 30600000.0 55.847
NI_1134a 113.41653 0.0146 151000000.0 14.0067
NI_1134b 113.44149 0.0287 149000000.0 14.0067
NI_1134c 113.49803 0.0416 144000000.0 14.0067
FeII_1142 114.23656 0.00401 25600000.0 55.847
FeII_1143 114.3226 0.0192 98100000.0 55.847
FeII_1145 114.49379 0.083 352000000.0 55.847
PII_1152 115.2818 0.245 1230000000.0 30.9736
SIII_1190 119.0203 0.0237 66500000.0 32.066
SiII_1190 119.04158 0.292 4080000000.0 28.0855
SiII_1193 119.32897 0.582 4070000000.0 28.0855
MnII_1197 119.7184 0.217 785000000.0 54.9309
MnII_1199 119.9391 0.169 785000000.0 54.9309
NI_1199 119.95496 0.132 407000000.0 14.0067
NI_1200 120.02233 0.0869 402000000.0 14.0067
NI_1201 120.07098 0.0432 400000000.0 14.0067
SiIII_1206 120.65 1.63 2480000000.0 28.0855
D_a 121.53394 0.416 627000000.0 2.0079
Ly_a 121.567 0.416 626500000.0 1.0079
NV_1238 123.8821 0.156 339100000.0 14.0067
MgII_1239 123.99253 0.000632 1370000.0 24.305
MgII_1240 124.03947 0.000356 1540000.0 24.305
NV_1242 124.2804 0.0777 335600000.0 14.0067
SII_1250 125.0578 0.00543 46300000.0 32.066
SII_1253 125.3805 0.0109 46200000.0 32.066
SiI_1255 125.5272 0.2201 310600000.0 28.0855
SII_1259 125.9518 0.0166 46500000.0 32.066
SiII_1260 126.04221 1.1799999 2950000000.0 28.0855
FeII_1260 126.0533 0.024 126000000.0 55.847
SiII*_1264 126.47377 1.05 2930000000.0 28.0855
CI_1277 127.72452 0.0853 232000000.0 12.011
TiIII_1298 129.8697 0.0964 635000000.0 47.867
OI_1302 130.21685 0.048 565000000.0 15.9994
SiII_1304 130.43702 0.0863 1010000000.0 28.0855
NiII_1317 131.7217 0.07786 420380000.0 58.6934
CII_1334 133.45323 0.128 288000000.0 12.011
CII*_1335 133.57077 0.1149 288000000.0 12.011
CuII_1358 135.8773 0.263 720000000.0 63.546
NiII_1370 137.0132 0.0769 410000000.0 58.6934
SiIV_1393 139.37602 0.513 880000000.0 28.0855
SnII_1400 140.04 0.7141 0.0 118.71
SiIV_1402 140.27729 0.254 862000000.0 28.0855
GaII_1414 141.4402 1.77 1970000000.0 60.723
NiII_1454 145.4842 0.0323 101790000.0 58.6934
CoII_1466 146.6211 0.031 78700000.0 58.9332
SiII_1526 152.6707 0.133 1130000000.0 28.0855
CIV_1548 154.8204 0.1899 264300000.0 12.011
CIV_1550 155.0781 0.09475 262800000.0 12.011
CI_1560 156.03092 0.0774 117000000.0 12.011
SiI_1562 156.2001 0.3758 342500000.0 28.0855
CoII_1574 157.45508 0.025 67300000.0 58.9332
ZnI_1589 158.9561 0.1219 107300000.0 65.39
FeII_1608 160.84511 0.0577 274000000.0 55.847
FeII_1611 161.12005 0.00138 286000000.0 55.845
SiI_1625 162.57058 0.0852 71700000.0 28.0855
SiI_1631 163.117 0.2051 171400000.0 28.0855
CI_1656 165.69284 0.149 360000000.0 12.011
AlII_1670 167.078861 1.74 1390000000.0 26.981
NiII_1709 170.96042 0.0324 435000000.0 58.6934
NiII_1741 174.15531 0.0427 500000000.0 58.6934
NiII_1751 175.19157 0.0277 370000000.0 58.6934
SiII_1808 180.80129 0.00208 2380000.0 28.0855
MgI_1827 182.79351 0.0242 16100000.0 24.305
SiI_1845 184.55205 0.27 176000000.0 28.0855
FeI_1851 185.16902 0.02222 55580000.0 55.847
AlIII_1854 185.47184 0.559 542000000.0 26.981
AlIII_1862 186.2791 0.278 534000000.0 26.981
CoII_1941 194.12852 0.034 435000000.0 58.9332
CoII_2012 201.21664 0.0368 345000000.0 58.9332
ZnII_2026 202.6137 0.501 407000000.0 65.39
MgI_2026 202.64768 0.113 72500000.0 24.305
CrII_2056 205.62569 0.103 407000000.0 51.9961
CrII_2062 206.22361 0.0759 406000000.0 51.9961
ZnII_2062 206.26604 0.246 386000000.0 65.39
CrII_2066 206.6164 0.0512 417000000.0 51.9961
ZnI_2139 213.92477 1.47 714000000.0 65.39
FeI_2167 216.74534 0.15 273600000.0 55.847
FeII_2249 224.98768 0.00182 331000000.0 55.847
FeII_2260 226.07805 0.00244 258000000.0 55.847
FeI_2298 229.88769 0.0245 135000000.0 55.847
FeII_2344 234.42139 0.114 268000000.0 55.847
FeII_2367 236.75905 2.16e-05 307000000.0 55.847
FeII_2374 237.44612 0.0313 309000000.0 55.847
FeII_2382 238.27652 0.32 313000000.0 55.847
FeI_2463 246.33922 0.0532 500000000.0 55.847
FeI_2484 248.40209 0.544 500000000.0 55.847
FeI_2501 250.18858 0.0493 385000000.0 55.847
SiI_2515 251.50725 0.211 222000000.0 28.0855
FeI_2523 252.36083 0.203 385000000.0 55.847
MnII_2576 257.6877 0.361 282000000.0 54.9308
FeII_2586 258.665 0.0691 272000000.0 55.847
MnII_2594 259.4499 0.28 278000000.0 54.9308
FeII_2600 260.01729 0.239 270000000.0 55.847
MnII_2606 260.6462 0.198 272000000.0 54.9308
FeI_2719 271.98329 0.122 175000000.0 55.847
MgII_2796 279.63543 0.6155 262500000.0 24.305
MgII_2803 280.35315 0.3058 259500000.0 24.305
MgI_2852 285.29631 1.83 500000000.0 24.305
FeI_2967 296.77646 0.0438 127000000.0 55.847
FeI_2984 298.44402 0.029 175000000.0 55.847
FeI_3021 302.15187 0.104 169000000.0 55.847
TiII_3384 338.47304 0.358 175000000.0 47.867
FeI_3441 344.15918 0.0236 17100000.0 55.847
H_15 369.712 0.0007274 1024000.0 1.0079
H_14 370.382 0.0008769 1243000.0 1.0079
H_13 371.194 0.0010708 1529000.0 1.0079
FeI_3720 372.09928 0.0411 16300000.0 55.847
H_12 372.191 0.0013269 1911000.0 1.0079
H_11 373.434 0.0016728 2432000.0 1.0079
H_10 375.012 0.0021521 3160000.0 1.0079
H_9 377.06 0.0028368 4210000.0 1.0079
H_8 379.787 0.0038526 5785000.0 1.0079
H_7 383.535 0.0054317 8255000.0 1.0079
FeI_3861 386.10058 0.0217 12800000.0 55.847
H_6 388.902 0.0080397 12360000.0 1.0079
CaII_3934 393.4775 0.6267 144400000.0 40.078
CaII_3969 396.95901 0.3116 140900000.0 40.078
H_e 397.008 0.012711 24500000.0 1.0079
H_d 410.174 0.022105 42040000.0 1.0079
CaI_4227 422.7918 1.77 220000000.0 40.078
H_g 434.047 0.044694 81260000.0 1.0079
H_b 486.134 0.11938 189700000.0 1.0079
NaI_5891 589.15833 0.6408 61570000.0 22.9898
NaI_5897 589.75581 0.3201 61390000.0 22.9898
H_a 656.283 0.64108 626500000.0 1.0079
LiI_6709 670.96276 0.498 36890000.0 6.941
KI_7701 770.10835 0.3327 37420000.0 39.0983
Pa_15 843.775 0.0009921 1024000.0 1.0079
Pa_14 846.704 0.0011893 1243000.0 1.0079
Pa_13 850.227 0.0014435 1529000.0 1.0079
Pa_12 854.517 0.0017772 1911000.0 1.0079
Pa_11 859.818 0.0022246 2432000.0 1.0079
Pa_10 866.48 0.0028402 3160000.0 1.0079
Pa_9 875.025 0.0037133 4210000.0 1.0079
Pa_8 886.255 0.0049988 5785000.0 1.0079
Pa_7 901.467 0.0069831 8255000.0 1.0079
Pa_6 922.877 0.010239 12360000.0 1.0079
Pa_e 954.57 0.016044 24500000.0 1.0079
Pa_d 1004.94 0.0277 42040000.0 1.0079
Pa_g 1093.81 0.05587 81260000.0 1.0079
Pa_b 1281.81 0.15066 189700000.0 1.0079
Br_15 1525.99 0.0012049 1024000.0 1.0079
Br_14 1534.11 0.0014389 1243000.0 1.0079
Br_13 1543.82 0.0017393 1529000.0 1.0079
Br_12 1555.57 0.0021322 1911000.0 1.0079
Br_11 1569.99 0.0026572 2432000.0 1.0079
Br_10 1587.98 0.0033769 3160000.0 1.0079
Br_9 1610.86 0.0043945 4210000.0 1.0079
Br_8 1640.64 0.0058887 5785000.0 1.0079
Br_7 1680.57 0.0081908 8255000.0 1.0079
Br_6 1736.12 0.011966 12360000.0 1.0079
Br_e 1817.32 0.018708 24500000.0 1.0079
Pa_a 1875.1 0.84254 626500000.0 1.0079
Br_d 1944.45 0.032309 42040000.0 1.0079
Br_g 2165.52 0.065521 81260000.0 1.0079
Br_b 2625.14 0.17935 189700000.0 1.0079
HeII_1640 164.04 0.0 0.0 0.0
OIII_1665 166.585 0.0 0.0 0.0
CIII_1908 190.8734 0.0 0.0 0.0
CII_2326 232.6 0.0 0.0 0.0
NeIV_2439 243.95 0.0 0.0 0.0
TiII_3066 306.6354 0.0 0.0 0.0
NeV_3346 334.679 0.0 0.0 0.0
NeVI_3426 342.685 0.0 0.0 0.0
OII_3727 372.7092 0.0 0.0 0.0
OII_3729 372.9875 0.0 0.0 0.0
HeI_3889 388.9 0.0 0.0 0.0
SII_4072 407.23 0.0 0.0 0.0
OIII_4364 436.4436 0.0 0.0 0.0
OIII_4932 493.2603 0.0 0.0 0.0
OIII_4960 496.0295 0.0 0.0 0.0
OIII_5008 500.824 0.0 0.0 0.0
OI_6302 630.2046 0.0 0.0 0.0
OI_6365 636.5536 0.0 0.0 0.0
NI_6529 652.903 0.0 0.0 0.0
NII_6549 654.986 0.0 0.0 0.0
NII_6585 658.527 0.0 0.0 0.0
SII_6718 671.829 0.0 0.0 0.0
SII_6732 673.267 0.0 0.0 0.0
K_3934 393.4777 0.0 0.0 0.0
H_3969 396.9588 0.0 0.0 0.0
G_4305 430.561 0.0 0.0 0.0
Mg_5176 517.67 0.0 0.0 0.0
Na_5895 589.56 0.0 0.0 0.0
CaII_8500 850.036 0.0 0.0 0.0
CaII_8544 854.444 0.0 0.0 0.0
CaII_8664 866.452 0.0 0.0 0.0
NeIII_3869 386.9 0.0 0.0 0.0
HeII_4686 468.6 0.0 0.0 0.0
HeI_5876 587.6 0.0 0.0 0.0
SIII_9069 906.9 0.0 0.0 0.0
SIII_9532 953.2 0.0 0.0 0.0
NV-1240 124.08125 0.0 0.0 0.0
SiIV-1398 139.826655 0.0 0.0 0.0
CIV-1549 154.94925 0.0 0.0 0.0
NiII-1746 174.67344 0.0 0.0 0.0
AlIII-1858 185.87547 0.0 0.0 0.0
MgII-2799 279.99429 0.0 0.0 0.0
COJ0_AX00_R 154.444965 0.01582 100000000.0 0.0
COJ1_AX00_R 154.438952 0.007893 100000000.0 0.0
COJ1_AX00_Q 154.454133 0.007908 100000000.0 0.0
COJ2_AX00_R 154.434528 0.006294 100000000.0 0.0
COJ2_AX00_Q 154.457263 0.007893 100000000.0 0.0
COJ2_AX00_P 154.472485 0.001582 100000000.0 0.0
COJ3_AX00_R 154.431734 0.00559 100000000.0 0.0
COJ3_AX00_Q 154.46195 0.007868 100000000.0 0.0
COJ3_AX00_P 154.484819 0.002255 100000000.0 0.0
COJ4_AX00_R 154.430586 0.005168 100000000.0 0.0
COJ4_AX00_Q 154.468226 0.007826 100000000.0 0.0
COJ4_AX00_P 154.498742 0.002623 100000000.0 0.0
COJ0_AX10_R 150.974781 0.02835 96000000.0 0.0
COJ1_AX10_R 150.969595 0.01439 96000000.0 0.0
COJ1_AX10_Q 150.983545 0.01417 96000000.0 0.0
COJ2_AX10_R 150.966147 0.01174 96000000.0 0.0
COJ2_AX10_Q 150.987124 0.01439 96000000.0 0.0
COJ2_AX10_P 151.001077 0.002835 96000000.0 0.0
COJ3_AX10_R 150.964364 0.01072 96000000.0 0.0
COJ3_AX10_Q 150.992437 0.01468 96000000.0 0.0
COJ3_AX10_P 151.013424 0.004111 96000000.0 0.0
COJ4_AX10_R 150.964196 0.01023 96000000.0 0.0
COJ4_AX10_Q 150.999415 0.01501 96000000.0 0.0
COJ4_AX10_P 151.02751 0.004893 96000000.0 0.0
COJ0_AX20_R 147.756549 0.04151 103000000.0 0.0
COJ1_AX20_R 147.751338 0.02075 103000000.0 0.0
COJ1_AX20_Q 147.764944 0.02075 103000000.0 0.0
COJ2_AX20_R 147.747721 0.0166 103000000.0 0.0
COJ2_AX20_Q 147.768137 0.02075 103000000.0 0.0
COJ2_AX20_P 147.781737 0.004151 103000000.0 0.0
COJ3_AX20_R 147.745705 0.01482 103000000.0 0.0
COJ3_AX20_Q 147.77292 0.02075 103000000.0 0.0
COJ3_AX20_P 147.793318 0.00593 103000000.0 0.0
COJ4_AX20_R 147.745279 0.01384 103000000.0 0.0
COJ4_AX20_Q 147.779304 0.02075 103000000.0 0.0
COJ4_AX20_P 147.806494 0.006918 103000000.0 0.0
COJ0_AX30_R 144.735311 0.03651 104000000.0 0.0
COJ1_AX30_R 144.730514 0.01825 104000000.0 0.0
COJ1_AX30_Q 144.743368 0.01825 104000000.0 0.0
COJ2_AX30_R 144.727343 0.0146 104000000.0 0.0
COJ2_AX30_Q 144.746624 0.01825 104000000.0 0.0
COJ2_AX30_P 144.759479 0.003651 104000000.0 0.0
COJ3_AX30_R 144.725798 0.01304 104000000.0 0.0
COJ3_AX30_Q 144.751507 0.01825 104000000.0 0.0
COJ3_AX30_P 144.770795 0.005216 104000000.0 0.0
COJ4_AX30_R 144.725885 0.01217 104000000.0 0.0
COJ4_AX30_Q 144.758021 0.01826 104000000.0 0.0
COJ4_AX30_P 144.783737 0.006085 104000000.0 0.0
COJ0_AX40_R 141.904491 0.02448 106000000.0 0.0
COJ1_AX40_R 141.90017 0.01229 106000000.0 0.0
COJ1_AX40_Q 141.912198 0.01224 106000000.0 0.0
COJ2_AX40_R 141.897534 0.009888 106000000.0 0.0
COJ2_AX40_Q 141.915561 0.01229 106000000.0 0.0
COJ2_AX40_P 141.927723 0.002448 106000000.0 0.0
COJ3_AX40_R 141.896575 0.008876 106000000.0 0.0
COJ3_AX40_Q 141.920618 0.01236 106000000.0 0.0
COJ3_AX40_P 141.93889 0.003513 106000000.0 0.0
COJ4_AX40_R 141.897285 0.008448 106000000.0 0.0
COJ4_AX40_Q 141.927367 0.01243 106000000.0 0.0
COJ4_AX40_P 141.951744 0.00412 106000000.0 0.0
COJ0_AX60_R 136.762386 0.009501 110000000.0 0.0
COJ1_AX60_R 136.758645 0.004746 110000000.0 0.0
COJ1_AX60_Q 136.769587 0.00475 110000000.0 0.0
COJ2_AX60_R 136.756681 0.003789 110000000.0 0.0
COJ2_AX60_Q 136.773029 0.004746 110000000.0 0.0
COJ2_AX60_P 136.783936 0.0009501 110000000.0 0.0
COJ3_AX60_R 136.756494 0.003371 110000000.0 0.0
COJ3_AX60_Q 136.778248 0.004736 110000000.0 0.0
COJ3_AX60_P 136.79462 0.001356 110000000.0 0.0
COJ4_AX60_R 136.758065 0.003121 110000000.0 0.0
COJ4_AX60_Q 136.785264 0.00472 110000000.0 0.0
COJ4_AX60_P 136.807047 0.001579 110000000.0 0.0
COJ0_AX70_R 134.418593 0.005354 112000000.0 0.0
COJ1_AX70_R 134.415142 0.002677 112000000.0 0.0
COJ1_AX70_Q 134.42555 0.002677 112000000.0 0.0
COJ2_AX70_R 134.413426 0.002142 112000000.0 0.0
COJ2_AX70_Q 134.429056 0.002677 112000000.0 0.0
COJ2_AX70_P 134.439411 0.0005354 112000000.0 0.0
COJ3_AX70_R 134.41348 0.001912 112000000.0 0.0
COJ3_AX70_Q 134.434278 0.002677 112000000.0 0.0
COJ3_AX70_P 134.449877 0.0007649 112000000.0 0.0
COJ4_AX70_R 134.415233 0.001785 112000000.0 0.0
COJ4_AX70_Q 134.441273 0.002677 112000000.0 0.0
COJ4_AX70_P 134.462098 0.0008923 112000000.0 0.0
COJ0_AX80_R 132.215058 0.002636 112000000.0 0.0
COJ1_AX80_R 132.211912 0.001318 112000000.0 0.0
COJ1_AX80_Q 132.221754 0.001318 112000000.0 0.0
COJ2_AX80_R 132.210531 0.001054 112000000.0 0.0
COJ2_AX80_Q 132.225355 0.001318 112000000.0 0.0
COJ2_AX80_P 132.235252 0.0002636 112000000.0 0.0
COJ3_AX80_R 132.210898 0.0009414 112000000.0 0.0
COJ3_AX80_Q 132.230671 0.001318 112000000.0 0.0
COJ3_AX80_P 132.245534 0.0003766 112000000.0 0.0
COJ4_AX80_R 132.213118 0.0008787 112000000.0 0.0
COJ4_AX80_Q 132.237822 0.001318 112000000.0 0.0
COJ4_AX80_P 132.257585 0.0004393 112000000.0 0.0
COJ0_dX50_R 151.034131 0.0057 18000000.0 0.0
COJ1_dX50_R 151.03059 0.00264 16000000.0 0.0
COJ1_dX50_Q 151.042893 0.00285 16000000.0 0.0
COJ2_dX50_R 151.029756 0.00188 14000000.0 0.0
COJ2_dX50_Q 151.048138 0.00264 14000000.0 0.0
COJ2_dX50_P 151.060448 0.00057 14000000.0 0.0
COJ3_dX50_R 151.031694 0.00145 13000000.0 0.0
COJ3_dX50_Q 151.056071 0.00235 13000000.0 0.0
COJ3_dX50_P 151.074454 0.000753 13000000.0 0.0
COJ4_dX50_R 151.036485 0.00113 10000000.0 0.0
COJ4_dX50_Q 151.066783 0.00202 10000000.0 0.0
COJ4_dX50_P 151.091169 0.000784 10000000.0 0.0
COJ5_AX00_R 154.431235 0.004847 100000000.0 0.0
COJ5_AX00_Q 154.476096 0.007753 100000000.0 0.0
COJ5_AX00_P 154.514298 0.002846 100000000.0 0.0
COJ5_AX10_R 150.965592 0.009969 96000000.0 0.0
COJ5_AX10_Q 151.008008 0.01535 96000000.0 0.0
COJ5_AX10_P 151.043261 0.005458 96000000.0 0.0
COJ5_AX20_R 147.746449 0.01321 103000000.0 0.0
COJ5_AX20_Q 147.787294 0.02075 103000000.0 0.0
COJ5_AX20_P 147.821273 0.007547 103000000.0 0.0
COJ5_AX30_R 144.727595 0.01162 104000000.0 0.0
COJ5_AX30_Q 144.766165 0.01826 104000000.0 0.0
COJ5_AX30_P 144.798308 0.006639 104000000.0 0.0
COJ5_AX40_R 141.899625 0.007977 106000000.0 0.0
COJ5_AX40_Q 141.935858 0.01249 106000000.0 0.0
COJ5_AX40_P 141.966277 0.004519 106000000.0 0.0
COJ5_AX60_R 136.761544 0.002902 110000000.0 0.0
COJ5_AX60_Q 136.79404 0.004682 110000000.0 0.0
COJ5_AX60_P 136.821216 0.001716 110000000.0 0.0
COJ5_AX70_R 134.418756 0.001704 112000000.0 0.0
COJ5_AX70_Q 134.449985 0.002677 112000000.0 0.0
COJ5_AX70_P 134.476003 0.0009735 112000000.0 0.0
COJ5_AX80_R 132.217069 0.0008387 112000000.0 0.0
COJ5_AX80_Q 132.246724 0.001318 112000000.0 0.0
COJ5_AX80_P 132.271423 0.0004793 112000000.0 0.0
COJ5_dX50_R 151.044207 0.000876 9000000.0 0.0
COJ5_dX50_Q 151.080354 0.00169 9000000.0 0.0
COJ5_dX50_P 151.110612 0.000736 9000000.0 0.0
H2_1110 111.006255 5.739e-04 1.865e+09 2.01588
H2_1112 111.249598 6.914e-04 1.863e+09 2.01588
H2_1115 111.589552 7.381e-04 1.858e+09 2.01588
H2_1120 112.024883 7.559e-04 1.851e+09 2.01588
H2_1125 112.554069 7.577e-04 1.842e+09 2.01588
H2_1131 113.175351 7.481e-04 1.830e+09 2.01588
H2_1138 113.886776 7.299e-04 1.816e+09 2.01588
H2_1108 110.812731 1.665e-03 1.863e+09 2.01588
H2_1108 110.863324 1.077e-03 1.858e+09 2.01588
H2_1110 111.012055 9.322e-04 1.851e+09 2.01588
H2_1112 111.258394 8.468e-04 1.842e+09 2.01588
H2_1116 111.601460 7.780e-04 1.830e+09 2.01588
H2_1120 112.040062 7.157e-04 1.816e+09 2.01588
H2_1125 112.572709 6.563e-04 1.800e+09 2.01588
H2_1131 113.197664 5.991e-04 1.781e+09 2.01588
H2_1094 109.405195 1.968e-03 1.740e+09 2.01588
H2_1096 109.643891 2.367e-03 1.738e+09 2.01588
H2_1099 109.978717 2.526e-03 1.734e+09 2.01588
H2_1104 110.408392 2.595e-03 1.727e+09 2.01588
H2_1109 110.931324 2.616e-03 1.719e+09 2.01588
H2_1115 111.545647 2.604e-03 1.709e+09 2.01588
H2_1122 112.249279 2.569e-03 1.696e+09 2.01588
H2_1092 109.219520 5.783e-03 1.738e+09 2.01588
H2_1092 109.273238 3.780e-03 1.734e+09 2.01588
H2_1094 109.424455 3.315e-03 1.727e+09 2.01588
H2_1096 109.672531 3.056e-03 1.719e+09 2.01588
H2_1100 110.016451 2.854e-03 1.709e+09 2.01588
H2_1104 110.454870 2.676e-03 1.696e+09 2.01588
H2_1109 110.986141 2.506e-03 1.682e+09 2.01588
H2_1116 111.608365 2.339e-03 1.665e+09 2.01588
H2_1078 107.892540 3.923e-03 1.631e+09 2.01588
H2_1081 108.126594 4.700e-03 1.630e+09 2.01588
H2_1084 108.456025 5.009e-03 1.626e+09 2.01588
H2_1088 108.879536 5.150e-03 1.620e+09 2.01588
H2_1093 109.395498 5.207e-03 1.613e+09 2.01588
H2_1100 110.001998 5.210e-03 1.603e+09 2.01588
H2_1106 110.696889 5.176e-03 1.592e+09 2.01588
H2_1077 107.713865 1.167e-02 1.630e+09 2.01588
H2_1077 107.769885 7.693e-03 1.626e+09 2.01588
H2_1079 107.922542 6.818e-03 1.620e+09 2.01588
H2_1081 108.171127 6.362e-03 1.613e+09 2.01588
H2_1085 108.514551 6.031e-03 1.603e+09 2.01588
H2_1089 108.951385 5.739e-03 1.592e+09 2.01588
H2_1094 109.479889 5.463e-03 1.579e+09 2.01588
H2_1100 110.098076 5.190e-03 1.565e+09 2.01588
H2_1064 106.460531 5.941e-03 1.535e+09 2.01588
H2_1066 106.690062 7.090e-03 1.534e+09 2.01588
H2_1070 107.014081 7.538e-03 1.531e+09 2.01588
H2_1074 107.431289 7.743e-03 1.525e+09 2.01588
H2_1079 107.940045 7.834e-03 1.518e+09 2.01588
H2_1085 108.538416 7.860e-03 1.510e+09 2.01588
H2_1092 109.224222 7.843e-03 1.500e+09 2.01588
H2_1062 106.288207 1.789e-02 1.534e+09 2.01588
H2_1063 106.346008 1.190e-02 1.531e+09 2.01588
H2_1064 106.499475 1.065e-02 1.525e+09 2.01588
H2_1067 106.747859 1.004e-02 1.518e+09 2.01588
H2_1070 107.090027 9.626e-03 1.510e+09 2.01588
H2_1075 107.524495 9.281e-03 1.500e+09 2.01588
H2_1080 108.049475 8.954e-03 1.488e+09 2.01588
H2_1086 108.662941 8.631e-03 1.475e+09 2.01588
H2_1051 105.103245 7.601e-03 1.450e+09 2.01588
H2_1053 105.328420 9.022e-03 1.448e+09 2.01588
H2_1056 105.647137 9.556e-03 1.445e+09 2.01588
H2_1060 106.058096 9.793e-03 1.440e+09 2.01588
H2_1065 106.559657 9.900e-03 1.434e+09 2.01588
H2_1071 107.149878 9.938e-03 1.426e+09 2.01588
H2_1078 107.826577 9.941e-03 1.417e+09 2.01588
H2_1049 104.936738 2.319e-02 1.448e+09 2.01588
H2_1049 104.995970 1.555e-02 1.445e+09 2.01588
H2_1051 105.149850 1.403e-02 1.440e+09 2.01588
H2_1053 105.397604 1.336e-02 1.434e+09 2.01588
H2_1057 105.738069 1.294e-02 1.426e+09 2.01588
H2_1061 106.169741 1.261e-02 1.417e+09 2.01588
H2_1066 106.690794 1.230e-02 1.407e+09 2.01588
H2_1072 107.299211 1.200e-02 1.395e+09 2.01588
H2_1038 103.815704 8.660e-03 1.372e+09 2.01588
H2_1040 104.036719 1.022e-02 1.371e+09 2.01588
H2_1043 104.350308 1.077e-02 1.368e+09 2.01588
H2_1047 104.755177 1.099e-02 1.364e+09 2.01588
H2_1052 105.249692 1.108e-02 1.358e+09 2.01588
H2_1058 105.831911 1.111e-02 1.351e+09 2.01588
H2_1064 106.499651 1.112e-02 1.342e+09 2.01588
H2_1036 103.654568 2.683e-02 1.371e+09 2.01588
H2_1037 103.714982 1.813e-02 1.368e+09 2.01588
H2_1038 103.869017 1.650e-02 1.364e+09 2.01588
H2_1041 104.115883 1.585e-02 1.358e+09 2.01588
H2_1044 104.454396 1.548e-02 1.351e+09 2.01588
H2_1048 104.883037 1.523e-02 1.342e+09 2.01588
H2_1053 105.399722 1.500e-02 1.333e+09 2.01588
H2_1060 106.003284 1.478e-02 1.321e+09 2.01588
H2_1025 102.593518 9.094e-03 1.302e+09 2.01588
H2_1028 102.810587 1.063e-02 1.301e+09 2.01588
H2_1031 103.119267 1.111e-02 1.298e+09 2.01588
H2_1035 103.518275 1.127e-02 1.294e+09 2.01588
H2_1040 104.005972 1.130e-02 1.288e+09 2.01588
H2_1045 104.580431 1.130e-02 1.282e+09 2.01588
H2_1052 105.239335 1.131e-02 1.274e+09 2.01588
H2_1024 102.437373 2.871e-02 1.301e+09 2.01588
H2_1024 102.498797 1.957e-02 1.298e+09 2.01588
H2_1026 102.652831 1.797e-02 1.294e+09 2.01588
H2_1028 102.898660 1.739e-02 1.288e+09 2.01588
H2_1032 103.235096 1.712e-02 1.282e+09 2.01588
H2_1036 103.660473 1.696e-02 1.274e+09 2.01588
H2_1041 104.173474 1.684e-02 1.265e+09 2.01588
H2_1047 104.771262 1.673e-02 1.255e+09 2.01588
H2_1014 101.432712 8.982e-03 1.237e+09 2.01588
H2_1016 101.646113 1.023e-02 1.236e+09 2.01588
H2_1019 101.950213 1.048e-02 1.233e+09 2.01588
H2_1023 102.343679 1.049e-02 1.230e+09 2.01588
H2_1028 102.824857 1.047e-02 1.224e+09 2.01588
H2_1033 103.391823 1.046e-02 1.218e+09 2.01588
H2_1040 104.042433 1.049e-02 1.211e+09 2.01588
H2_1012 101.281291 2.970e-02 1.236e+09 2.01588
H2_1013 101.343691 2.050e-02 1.233e+09 2.01588
H2_1014 101.497684 1.894e-02 1.230e+09 2.01588
H2_1017 101.742421 1.838e-02 1.224e+09 2.01588
H2_1020 102.076702 1.814e-02 1.218e+09 2.01588
H2_1024 102.499017 1.801e-02 1.211e+09 2.01588
H2_1030 103.007213 1.793e-02 1.203e+09 2.01588
H2_1036 103.600210 1.787e-02 1.193e+09 2.01588
H2_1003 100.329650 8.466e-03 1.178e+09 2.01588
H2_1005 100.539308 9.911e-03 1.177e+09 2.01588
H2_1008 100.838607 1.043e-02 1.174e+09 2.01588
H2_1012 101.226234 1.075e-02 1.171e+09 2.01588
H2_1017 101.700418 1.122e-02 1.167e+09 2.01588
H2_1022 102.258597 1.256e-02 1.162e+09 2.01588
H2_1028 102.880129 2.325e-02 1.166e+09 2.01588
H2_1001 100.182374 2.677e-02 1.177e+09 2.01588
H2_1002 100.245200 1.823e-02 1.174e+09 2.01588
H2_1003 100.398537 1.662e-02 1.171e+09 2.01588
H2_1006 100.641405 1.571e-02 1.167e+09 2.01588
H2_1009 100.971968 1.411e-02 1.162e+09 2.01588
H2_1013 101.370673 1.160e-03 1.166e+09 2.01588
H2_1019 101.901751 2.049e-02 1.145e+09 2.01588
H2_1024 102.487851 1.908e-02 1.136e+09 2.01588
H2_992 99.2809625 7.699e-03 1.123e+09 2.01588
H2_994 99.4874023 8.659e-03 1.122e+09 2.01588
H2_997 99.7827120 8.761e-03 1.120e+09 2.01588
H2_1001 100.165567 8.691e-03 1.117e+09 2.01588
H2_1006 100.634318 8.633e-03 1.112e+09 2.01588
H2_1011 101.187051 8.645e-03 1.107e+09 2.01588
H2_1018 101.821640 8.758e-03 1.101e+09 2.01588
H2_991 99.1378851 2.612e-02 1.122e+09 2.01588
H2_992 99.2016320 1.826e-02 1.120e+09 2.01588
H2_993 99.3550560 1.704e-02 1.117e+09 2.01588
H2_995 99.5972782 1.669e-02 1.112e+09 2.01588
H2_999 99.9270799 1.656e-02 1.107e+09 2.01588
H2_1003 100.342861 1.650e-02 1.101e+09 2.01588
H2_1008 100.842753 1.641e-02 1.093e+09 2.01588
H2_1014 101.425124 1.615e-02 1.086e+09 2.01588
H2_982 98.2835297 6.811e-03 1.073e+09 2.01588
H2_984 98.4864022 8.171e-03 1.072e+09 2.01588
H2_987 98.7768822 8.928e-03 1.070e+09 2.01588
H2_991 99.1533845 9.919e-03 1.068e+09 2.01588
H2_996 99.6124699 1.274e-02 1.068e+09 2.01588
H2_1001 100.191034 2.628e-04 1.088e+09 2.01588
H2_1007 100.798637 3.740e-03 1.052e+09 2.01588
H2_981 98.1438709 2.069e-02 1.072e+09 2.01588
H2_982 98.2074246 1.364e-02 1.070e+09 2.01588
H2_983 98.3591060 1.157e-02 1.068e+09 2.01588
H2_985 98.5962765 8.276e-03 1.068e+09 2.01588
H2_989 98.9557105 3.108e-02 1.088e+09 2.01588
H2_993 99.3492130 2.016e-02 1.052e+09 2.01588
H2_998 99.8426978 1.788e-02 1.044e+09 2.01588
H2_1004 100.419563 1.712e-02 1.036e+09 2.01588
H2_973 97.3344572 5.899e-03 1.025e+09 2.01588
H2_975 97.5345768 6.644e-03 1.025e+09 2.01588
H2_978 97.8218029 6.735e-03 1.023e+09 2.01588
H2_981 98.1948433 6.708e-03 1.020e+09 2.01588
H2_986 98.6520720 6.715e-03 1.016e+09 2.01588
H2_991 99.1915722 6.831e-03 1.012e+09 2.01588
H2_998 99.8111851 7.129e-03 1.006e+09 2.01588
H2_971 97.1986229 2.004e-02 1.025e+09 2.01588
H2_972 97.2632731 1.405e-02 1.023e+09 2.01588
H2_974 97.4157872 1.315e-02 1.020e+09 2.01588
H2_976 97.6552810 1.290e-02 1.016e+09 2.01588
H2_979 97.9805079 1.278e-02 1.012e+09 2.01588
H2_983 98.3898956 1.262e-02 1.006e+09 2.01588
H2_988 98.8812183 1.221e-02 1.001e+09 2.01588
H2_994 99.4517721 1.086e-02 9.967e+08 2.01588
H2_964 96.4310524 5.028e-03 9.817e+08 2.01588
H2_966 96.6275431 6.496e-03 9.815e+08 2.01588
H2_969 96.9089766 8.160e-03 9.826e+08 2.01588
H2_972 97.2690633 1.356e-02 1.002e+09 2.01588
H2_977 97.7463604 3.640e-04 9.943e+08 2.01588
H2_982 98.2726680 2.574e-03 9.716e+08 2.01588
H2_988 98.8838347 3.580e-03 9.640e+08 2.01588
H2_962 96.2977981 1.316e-02 9.815e+08 2.01588
H2_963 96.3607929 7.074e-03 9.826e+08 2.01588
H2_965 96.5045706 1.583e-03 1.002e+09 2.01588
H2_967 96.7676975 2.276e-02 9.943e+08 2.01588
H2_970 97.0838038 1.604e-02 9.716e+08 2.01588
H2_974 97.4886485 1.423e-02 9.640e+08 2.01588
H2_979 97.9760020 1.352e-02 9.575e+08 2.01588
H2_985 98.5441870 1.317e-02 9.508e+08 2.01588
H2_955 95.5708153 4.228e-03 9.410e+08 2.01588
H2_957 95.7652225 4.808e-03 9.402e+08 2.01588
H2_960 96.0450565 4.932e-03 9.386e+08 2.01588
H2_964 96.4090778 4.985e-03 9.365e+08 2.01588
H2_968 96.8556582 5.096e-03 9.332e+08 2.01588
H2_973 97.3828319 5.363e-03 9.301e+08 2.01588
H2_979 97.9881658 5.959e-03 9.264e+08 2.01588
H2_954 95.4413268 1.416e-02 9.402e+08 2.01588
H2_955 95.5065759 9.880e-03 9.386e+08 2.01588
H2_956 95.6579914 9.211e-03 9.365e+08 2.01588
H2_958 95.8946622 8.967e-03 9.332e+08 2.01588
H2_962 96.2152721 8.751e-03 9.301e+08 2.01588
H2_966 96.6178907 8.324e-03 9.264e+08 2.01588
H2_970 97.0996339 7.114e-03 9.254e+08 2.01588
H2_976 97.6470384 1.923e-03 9.605e+08 2.01588
H2_947 94.7514033 3.522e-03 9.031e+08 2.01588
H2_949 94.9352457 9.282e-03 9.714e+08 2.01588
H2_952 95.2274161 6.578e-04 9.271e+08 2.01588
H2_955 95.5854827 1.691e-03 9.066e+08 2.01588
H2_960 96.0265832 2.244e-03 8.987e+08 2.01588
H2_965 96.5480127 2.614e-03 8.935e+08 2.01588
H2_971 97.1482047 2.929e-03 8.881e+08 2.01588
H2_946 94.6169306 1.340e-03 9.714e+08 2.01588
H2_946 94.6980395 1.966e-02 9.271e+08 2.01588
H2_948 94.8471250 1.294e-02 9.066e+08 2.01588
H2_950 95.0818893 1.092e-02 8.987e+08 2.01588
H2_954 95.4003758 1.005e-02 8.935e+08 2.01588
H2_958 95.8011597 9.617e-03 8.881e+08 2.01588
H2_962 96.2820031 9.358e-03 8.828e+08 2.01588
H2_968 96.8416547 9.141e-03 8.773e+08 2.01588
H2_939 93.9706716 2.914e-03 8.679e+08 2.01588
H2_941 94.1599213 3.368e-03 8.672e+08 2.01588
H2_944 94.4330363 3.525e-03 8.661e+08 2.01588
H2_947 94.7887845 3.654e-03 8.643e+08 2.01588
H2_952 95.2254967 3.878e-03 8.622e+08 2.01588
H2_957 95.7410223 4.353e-03 8.605e+08 2.01588
H2_963 96.3320233 5.581e-03 8.623e+08 2.01588
H2_938 93.8467757 9.510e-03 8.672e+08 2.01588
H2_939 93.9124308 6.558e-03 8.661e+08 2.01588
H2_940 94.0626370 6.028e-03 8.643e+08 2.01588
H2_942 94.2964220 5.738e-03 8.622e+08 2.01588
H2_946 94.6122710 5.334e-03 8.605e+08 2.01588
H2_950 95.0073631 4.368e-03 8.623e+08 2.01588
H2_954 95.4700876 1.143e-03 9.015e+08 2.01588
H2_960 96.0699881 1.363e-02 8.698e+08 2.01588
H2_932 93.2266208 2.398e-03 8.348e+08 2.01588
H2_934 93.4144793 2.239e-03 8.356e+08 2.01588
H2_936 93.6857088 2.050e-03 8.351e+08 2.01588
H2_940 94.0387539 1.993e-03 8.332e+08 2.01588
H2_944 94.4720707 2.032e-03 8.301e+08 2.01588
H2_949 94.9838732 2.136e-03 8.266e+08 2.01588
H2_955 95.5728094 2.306e-03 8.226e+08 2.01588
H2_931 93.1062642 1.067e-02 8.356e+08 2.01588
H2_931 93.1732882 7.531e-03 8.351e+08 2.01588
H2_933 93.3240091 6.886e-03 8.332e+08 2.01588
H2_935 93.5575696 6.571e-03 8.301e+08 2.01588
H2_938 93.8729060 6.378e-03 8.266e+08 2.01588
H2_942 94.2688054 6.238e-03 8.226e+08 2.01588
H2_947 94.7432557 6.093e-03 8.185e+08 2.01588
H2_952 95.2944369 5.852e-03 8.146e+08 2.01588
H2_925 92.5174530 1.967e-03 8.043e+08 2.01588
H2_927 92.7020018 2.328e-03 8.038e+08 2.01588
H2_929 92.9689567 2.508e-03 8.032e+08 2.01588
H2_933 93.3170352 2.711e-03 8.023e+08 2.01588
H2_937 93.7442933 3.083e-03 8.023e+08 2.01588
H2_942 94.2476156 4.007e-03 8.072e+08 2.01588
H2_948 94.8159475 7.700e-03 8.573e+08 2.01588
H2_923 92.3984626 6.167e-03 8.038e+08 2.01588
H2_924 92.4643257 4.161e-03 8.032e+08 2.01588
H2_926 92.6131733 3.701e-03 8.023e+08 2.01588
H2_928 92.8437608 3.303e-03 8.023e+08 2.01588
H2_931 93.1537057 2.530e-03 8.072e+08 2.01588
H2_935 93.5323765 4.555e-04 8.573e+08 2.01588
H2_940 94.0490377 9.935e-03 8.294e+08 2.01588
H2_945 94.5867439 7.400e-03 7.902e+08 2.01588
H2_918 91.8413305 1.610e-03 7.757e+08 2.01588
H2_920 92.0243230 1.683e-03 7.755e+08 2.01588
H2_922 92.2894900 1.619e-03 7.749e+08 2.01588
H2_926 92.6354667 1.575e-03 7.737e+08 2.01588
H2_930 93.0605406 1.584e-03 7.715e+08 2.01588
H2_935 93.5629793 1.655e-03 7.691e+08 2.01588
H2_941 94.1415258 1.801e-03 7.661e+08 2.01588
H2_917 91.7251984 6.175e-03 7.755e+08 2.01588
H2_917 91.7921885 4.430e-03 7.749e+08 2.01588
H2_919 91.9418156 4.168e-03 7.737e+08 2.01588
H2_921 92.1730346 4.069e-03 7.715e+08 2.01588
H2_924 92.4848135 4.001e-03 7.691e+08 2.01588
H2_928 92.8760279 3.916e-03 7.661e+08 2.01588
H2_933 93.3443430 3.759e-03 7.636e+08 2.01588
H2_938 93.8872279 3.391e-03 7.632e+08 2.01588
H2_911 91.1967200 1.316e-03 7.491e+08 2.01588
H2_913 91.3770125 1.614e-03 7.490e+08 2.01588
H2_916 91.6382849 1.825e-03 7.492e+08 2.01588
H2_919 91.9789980 2.135e-03 7.510e+08 2.01588
H2_923 92.3961653 2.867e-03 7.603e+08 2.01588
H2_928 92.8776755 5.626e-03 8.365e+08 2.01588
H2_934 93.4958316 4.715e-06 7.853e+08 2.01588
H2_910 91.0820745 3.865e-03 7.490e+08 2.01588
H2_911 91.1479580 2.485e-03 7.492e+08 2.01588
H2_912 91.2951070 2.015e-03 7.510e+08 2.01588
H2_915 91.5212260 1.349e-03 7.603e+08 2.01588
H2_918 91.8151563 4.527e-05 8.365e+08 2.01588
H2_922 92.2475185 6.667e-03 7.853e+08 2.01588
H2_927 92.7050404 4.989e-03 7.457e+08 2.01588
H2_932 93.2441273 4.435e-03 7.352e+08 2.01588
H2_1012 101.216945 5.510e-03 1.180e+09 2.01588
H2_1014 101.450425 8.277e-03 1.179e+09 2.01588
H2_1017 101.738558 9.946e-03 1.178e+09 2.01588
H2_1020 102.079917 1.085e-02 1.175e+09 2.01588
H2_1024 102.473455 1.051e-02 1.172e+09 2.01588
H2_1029 102.935334 5.698e-04 1.158e+09 2.01588
H2_1009 100.977089 2.380e-02 1.180e+09 2.01588
H2_1010 101.093850 2.381e-02 1.179e+09 2.01588
H2_1012 101.267961 2.383e-02 1.177e+09 2.01588
H2_1014 101.498243 2.386e-02 1.174e+09 2.01588
H2_1017 101.783147 2.389e-02 1.171e+09 2.01588
H2_1021 102.120900 2.390e-02 1.168e+09 2.01588
H2_1025 102.509283 2.395e-02 1.164e+09 2.01588
H2_1008 100.855192 4.395e-02 1.180e+09 2.01588
H2_1008 100.849818 2.052e-02 1.179e+09 2.01588
H2_1009 100.902496 1.565e-02 1.178e+09 2.01588
H2_1010 101.013027 1.380e-02 1.175e+09 2.01588
H2_1011 101.181448 1.396e-02 1.172e+09 2.01588
H2_1014 101.424270 2.608e-02 1.158e+09 2.01588
H2_1016 101.674187 6.343e-03 1.168e+09 2.01588
H2_1020 102.006134 7.763e-03 1.163e+09 2.01588
H2_989 98.9088418 8.108e-03 1.159e+09 2.01588
H2_991 99.1380492 1.192e-02 1.157e+09 2.01588
H2_994 99.4229927 1.377e-02 1.155e+09 2.01588
H2_997 99.7641421 1.293e-02 1.149e+09 2.01588
H2_1001 100.120872 2.683e-02 1.122e+09 2.01588
H2_1005 100.580292 2.433e-02 1.148e+09 2.01588
H2_986 98.6798050 3.647e-02 1.158e+09 2.01588
H2_987 98.7974474 3.650e-02 1.157e+09 2.01588
H2_989 98.9729359 3.652e-02 1.156e+09 2.01588
H2_992 99.2051233 3.656e-02 1.153e+09 2.01588
H2_994 99.4925429 3.661e-02 1.151e+09 2.01588
H2_998 99.8335678 3.667e-02 1.147e+09 2.01588
H2_1002 100.225834 3.671e-02 1.143e+09 2.01588
H2_985 98.5633709 6.890e-02 1.159e+09 2.01588
H2_985 98.5644317 3.301e-02 1.157e+09 2.01588
H2_986 98.6244063 2.619e-02 1.155e+09 2.01588
H2_987 98.7448676 2.565e-02 1.149e+09 2.01588
H2_988 98.8871506 8.708e-04 1.122e+09 2.01588
H2_991 99.1371727 1.075e-02 1.148e+09 2.01588
H2_994 99.4259148 1.283e-02 1.145e+09 2.01588
H2_997 99.7682583 1.470e-02 1.138e+09 2.01588
H2_968 96.8295189 7.228e-03 1.138e+09 2.01588
H2_970 97.0563358 9.744e-03 1.134e+09 2.01588
H2_973 97.3452379 6.929e-03 1.111e+09 2.01588
H2_976 97.6548791 2.189e-02 1.113e+09 2.01588
H2_980 98.0502056 2.087e-02 1.128e+09 2.01588
H2_984 98.4918497 2.046e-02 1.127e+09 2.01588
H2_966 96.6096120 3.498e-02 1.139e+09 2.01588
H2_967 96.7281070 3.501e-02 1.137e+09 2.01588
H2_969 96.9049315 3.504e-02 1.136e+09 2.01588
H2_971 97.1389672 3.510e-02 1.134e+09 2.01588
H2_974 97.4288186 3.516e-02 1.131e+09 2.01588
H2_977 97.7727250 3.524e-02 1.128e+09 2.01588
H2_981 98.1688960 3.531e-02 1.125e+09 2.01588
H2_964 96.4983964 6.860e-02 1.138e+09 2.01588
H2_965 96.5064884 3.495e-02 1.134e+09 2.01588
H2_965 96.5795521 3.226e-02 1.111e+09 2.01588
H2_966 96.6780380 7.588e-03 1.113e+09 2.01588
H2_968 96.8666854 1.260e-02 1.128e+09 2.01588
H2_971 97.1076254 1.379e-02 1.127e+09 2.01588
H2_974 97.4050800 1.521e-02 1.120e+09 2.01588
H2_977 97.7704046 2.064e-02 1.074e+09 2.01588
H2_949 94.9610442 8.914e-04 1.052e+09 2.01588
H2_951 95.1671835 1.267e-02 1.093e+09 2.01588
H2_954 95.4473989 1.354e-02 1.110e+09 2.01588
H2_957 95.7818873 1.421e-02 1.112e+09 2.01588
H2_961 96.1703553 1.450e-02 1.110e+09 2.01588
H2_966 96.6128221 1.389e-02 1.102e+09 2.01588
H2_947 94.7421918 2.744e-02 1.121e+09 2.01588
H2_948 94.8615818 2.747e-02 1.120e+09 2.01588
H2_950 95.0397768 2.750e-02 1.118e+09 2.01588
H2_952 95.2757390 2.756e-02 1.116e+09 2.01588
H2_955 95.5680782 2.763e-02 1.114e+09 2.01588
H2_959 95.9151098 2.771e-02 1.111e+09 2.01588
H2_963 96.3154524 2.780e-02 1.108e+09 2.01588
H2_946 94.6425564 6.192e-02 1.052e+09 2.01588
H2_946 94.6384745 1.287e-02 1.093e+09 2.01588
H2_947 94.7111647 1.333e-02 1.110e+09 2.01588
H2_948 94.8419776 1.280e-02 1.112e+09 2.01588
H2_950 95.0315182 1.262e-02 1.110e+09 2.01588
H2_952 95.2804814 1.327e-02 1.102e+09 2.01588
H2_955 95.5976242 1.642e-02 1.054e+09 2.01588
H2_959 95.9110161 4.187e-03 1.076e+09 2.01588
H2_932 93.2604706 4.773e-03 1.103e+09 2.01588
H2_934 93.4790049 7.090e-03 1.101e+09 2.01588
H2_937 93.7551752 8.366e-03 1.099e+09 2.01588
H2_940 94.0882924 8.975e-03 1.095e+09 2.01588
H2_944 94.4782026 8.740e-03 1.085e+09 2.01588
H2_949 94.9333772 5.529e-03 1.028e+09 2.01588
H2_930 93.0577079 1.942e-02 1.105e+09 2.01588
H2_931 93.1780857 1.945e-02 1.104e+09 2.01588
H2_933 93.3577940 1.948e-02 1.102e+09 2.01588
H2_935 93.5959236 1.954e-02 1.100e+09 2.01588
H2_938 93.8909303 1.960e-02 1.098e+09 2.01588
H2_942 94.2413893 1.968e-02 1.096e+09 2.01588
H2_946 94.6459631 1.977e-02 1.093e+09 2.01588
H2_929 92.9532692 3.419e-02 1.103e+09 2.01588
H2_929 92.9688369 1.569e-02 1.101e+09 2.01588
H2_930 93.0447184 1.205e-02 1.099e+09 2.01588
H2_931 93.1811700 1.079e-02 1.095e+09 2.01588
H2_933 93.3789645 1.077e-02 1.085e+09 2.01588
H2_936 93.6466463 1.250e-02 1.028e+09 2.01588
H2_939 93.9112985 3.004e-03 1.048e+09 2.01588
H2_942 94.2898625 5.918e-03 1.075e+09 2.01588
H2_917 91.7369586 2.948e-03 1.090e+09 2.01588
H2_919 91.9544627 4.336e-03 1.087e+09 2.01588
H2_922 92.2305875 5.016e-03 1.082e+09 2.01588
H2_925 92.5658771 4.951e-03 1.068e+09 2.01588
H2_929 92.9696188 2.653e-03 9.868e+08 2.01588
H2_933 93.3668545 8.558e-03 1.031e+09 2.01588
H2_915 91.5401186 1.301e-02 1.090e+09 2.01588
H2_916 91.6616749 1.304e-02 1.090e+09 2.01588
H2_918 91.8431103 1.306e-02 1.088e+09 2.01588
H2_920 92.0833885 1.312e-02 1.087e+09 2.01588
H2_923 92.3816716 1.318e-02 1.085e+09 2.01588
H2_927 92.7361447 1.324e-02 1.082e+09 2.01588
H2_931 93.1454887 1.332e-02 1.080e+09 2.01588
H2_914 91.4397156 2.424e-02 1.090e+09 2.01588
H2_914 91.4607489 1.152e-02 1.087e+09 2.01588
H2_915 91.5429593 9.093e-03 1.082e+09 2.01588
H2_916 91.6877365 8.559e-03 1.068e+09 2.01588
H2_919 91.9050070 9.297e-03 9.868e+08 2.01588
H2_921 92.1219603 2.469e-03 1.031e+09 2.01588
H2_924 92.4496466 4.262e-03 1.060e+09 2.01588
H2_928 92.8320649 5.473e-03 1.047e+09 2.01588